0.497875
0.422478
0.342373
0.271466
0.206184
0.149150
0.107773
0.071808
0.047604
0.030701
0.020000
0.013099
0.006798
0.003196
0.001501
0.000702
0.000400
0.000200
0.000099
0.000000
0.000000
0.000000
0.000000
0.000000
0.000000
0.000000
0.000000
0.000000
0.000000
0.000000
0.000000
0.000000
0.000000
0.000000
0.000000
0.000000
0.000000
0.000000
0.000000
0.000000
0.000000
0.000000
0.000000
0.000000
0.000000
0.000000
0.000000
0.000000
0.000000
0.000000
